
0.9988597491448119
0.9289940828402367
0.23076923076923078

0.9985685657028343
0.936046511627907
0.3333333333333333

0.9982578397212544
0.9163916391639164
0.19047619047619047

0.9991418764302059
0.926487747957993
0.27586206896551724

0.9988541965052994
0.925754060324826
0.2692307692307692

0.9994266055045872
0.922543352601156
0.25925925925925924

0.9991532599491956
0.9222222222222223
0.28

0.9985644559287971
0.9367816091954023
0.38095238095238093

0.9985718366181091
0.926056338028169
0.20689655172413793

0.9988489208633093
0.9202733485193622
0.14814814814814814
