
0.9988597491448119
0.9301775147928995
0.2692307692307692

0.9985685657028343
0.9372093023255814
0.375

0.9982578397212544
0.9185918591859186
0.23809523809523808

0.9991418764302059
0.9323220536756126
0.3448275862068966

0.9988541965052994
0.925754060324826
0.3076923076923077

0.9994266055045872
0.9317919075144508
0.37037037037037035

0.9991532599491956
0.917283950617284
0.24

0.9985644559287971
0.9356321839080459
0.3333333333333333

0.9985718366181091
0.926056338028169
0.2413793103448276

0.9988489208633093
0.9271070615034168
0.2222222222222222
