
0.9988597491448119
0.9349112426035503
0.3076923076923077

0.9985685657028343
0.9348837209302325
0.4166666666666667

0.9982578397212544
0.9218921892189219
0.23809523809523808

0.9991418764302059
0.9311551925320887
0.3793103448275862

0.9988541965052994
0.931554524361949
0.2692307692307692

0.9994266055045872
0.9283236994219654
0.2962962962962963

0.9991532599491956
0.9382716049382716
0.44

0.9985644559287971
0.9448275862068966
0.5238095238095238

0.9985718366181091
0.9366197183098591
0.3448275862068966

0.9988489208633093
0.9259681093394078
0.2222222222222222
