
0.9988597491448119
0.9337278106508876
0.34615384615384615

0.9985685657028343
0.936046511627907
0.4583333333333333

0.9982578397212544
0.9207920792079208
0.2857142857142857

0.9991418764302059
0.9358226371061844
0.41379310344827586

0.9988541965052994
0.9373549883990719
0.38461538461538464

0.9994266055045872
0.9352601156069364
0.4074074074074074

0.9991532599491956
0.9320987654320988
0.4

0.9985644559287971
0.9448275862068966
0.5238095238095238

0.9985718366181091
0.9330985915492958
0.3448275862068966

0.9988489208633093
0.9305239179954442
0.2962962962962963
